5102230000
5102230001
5102230002
5102230010
5102230011
5102230012
5102230013
5102230022
5102230031
5102230100
5102230101
5102230102
5102230103
5102230110
5102230111
5102230112
5102230113
5102230120
5102230121
5102230131
5102230200
5102230201
5102230202
5102230203
5102230212
5102230220
5102230221
5102230222
5102230223
5102230230
5102230231
5102230232
5102230233
5102230302
5102230303
5102230320
5102230321
5102230323
5102230332
5102231000
5102231001
5102231002
5102231003
5102231010
5102231011
5102231012
5102231013
5102231020
5102231021
5102231022
5102231023
5102231030
5102231031
5102231032
5102231033
5102231100
5102231101
5102231102
5102231103
5102231110
5102231111
5102231112
5102231113
5102231120
5102231121
5102231122
5102231123
5102231130
5102231131
5102231132
5102231133
5102231201
5102231210
5102231211
5102231213
5102231231
5102231300
5102231301
5102231302
5102231310
5102231311
5102231312
5102231313
5102231322
5102231323
5102231330
5102231331
5102231332
5102231333
